.Random.seed <-
c(403L, 10L, -2045059847L, 1075422859L, 1427379898L, -1525638724L, 
101092095L, 162819669L, 997816684L, -194434622L, 1863893533L, 
824203927L, 1943925758L, 392023992L, 1180132251L, 1458186745L, 
1716582728L, -1030798218L, -291237455L, 460767203L, -1804346190L, 
-926846716L, 260880967L, 526875933L, 670714772L, 567820090L, 
2137973637L, 1501042783L, 420178662L, 1591005552L, -2089076077L, 
1682318129L, 88277472L, -635095426L, 1885633801L, 1808715579L, 
1899529994L, -1565542676L, 1322885999L, 1051792549L, -680688036L, 
-1681535438L, -1698681555L, 2128419815L, 322689806L, -1880253208L, 
1311143659L, -432744567L, -1220893928L, -1089669562L, 20211361L, 
1395943731L, 82249890L, 530974612L, 970221079L, 724537869L, 148743972L, 
477979402L, 370372213L, 1185041871L, 1786607318L, 377485952L, 
1410278595L, -1235664287L, 197155536L, -1056687058L, -1106062887L, 
-214528533L, 467519578L, -221361636L, 1929177887L, -65446027L, 
-1130330612L, 1432707042L, -283614019L, -6741193L, 1219415006L, 
1353550104L, -1601749893L, 248046105L, -174980440L, 1382705238L, 
-211032879L, -589291389L, -711838958L, 523904676L, -839642521L, 
-851293251L, 590046516L, -1109877094L, 323513573L, 1674268287L, 
-634513402L, 750508944L, -26892749L, 755774929L, -2050799744L, 
-825681314L, -1727561303L, 1830252635L, 702195818L, -401569524L, 
-681131185L, -1377656827L, 787087036L, 1501353874L, 449692813L, 
79078087L, -388590674L, -457470456L, -2014174709L, 681456361L, 
-1099317832L, 1588705894L, -51116287L, 2040033683L, 1045580354L, 
1949801972L, -1509333001L, -1360929811L, -1571474300L, 133393066L, 
1049853973L, 1631430831L, -2136398154L, 1824109792L, -288335837L, 
678266689L, 838003248L, 1440512078L, -907286343L, -798548789L, 
-385998470L, -728146820L, -1775609665L, -1778438763L, -135434836L, 
361834370L, -2021249699L, 14574679L, -61979842L, -770266248L, 
-1694381989L, 1253330873L, 207801864L, -559555402L, 2123680753L, 
629044771L, 867575410L, -1763935036L, -1643054457L, 1599664733L, 
1508668500L, 1108139642L, -1742299707L, 1137303327L, -1084323162L, 
-1575211984L, 362860243L, -799478543L, -1816991712L, -1447915842L, 
919153353L, -1542332293L, 1777917514L, 596003500L, -695272017L, 
-1708815003L, -1203807460L, 1051295602L, -2052303891L, -812608473L, 
1202801742L, -766676824L, -1941266773L, 1957379017L, -26994728L, 
-1852113274L, 6948705L, 972569331L, -441359006L, -194333740L, 
1857861335L, 1629863117L, 973429860L, 476443210L, -1037428811L, 
1533586191L, -2015635434L, -733470016L, -362646397L, 1669963937L, 
-1165719920L, -2128308882L, -1283980519L, -614430805L, 1817306522L, 
-2086944420L, -405006241L, 1309128757L, 238238668L, 738504482L, 
127283581L, 1912896119L, -1534860386L, 162247256L, 535591867L, 
-194228903L, 955320040L, 821606166L, -647718767L, 1244312899L, 
-424087470L, 124547812L, 1734354215L, 198303101L, 1499313268L, 
-1185440166L, -1654666587L, 1067167935L, 297554758L, -2981424L, 
1893884915L, 697416465L, -1789121728L, -649719010L, 617044969L, 
-517213925L, -1775178966L, 2000738044L, 948871154L, -1268675456L, 
-413263628L, -1984424824L, 1465779514L, -152411312L, -1487811476L, 
-1678266220L, 2028722514L, -608450848L, 793813196L, -545197920L, 
2106388866L, -309538584L, -1157193492L, 1326268476L, 1746116722L, 
660523120L, -2057954780L, -1420467656L, 1422266906L, -821905200L, 
363378236L, -1736485740L, 507978882L, -1064030272L, 2046031164L, 
554198672L, 1046903842L, -1281841144L, -2018528116L, -1695553508L, 
628475026L, -1086792576L, -1279067116L, -1684360408L, 788450362L, 
954907856L, -1634841492L, 381466292L, 1101176850L, -1678073888L, 
-1145236532L, -1647987232L, -2122916830L, 2014582056L, -1900953332L, 
-1079845316L, 1527649522L, -787138320L, 1108059972L, -690454440L, 
2067839546L, -1483609872L, 1765946044L, -1551142380L, 1945947330L, 
-113392032L, 845731196L, -1896174384L, -1339286494L, -759166808L, 
-1673282164L, 845179324L, -556632014L, -730293440L, -748968268L, 
-2058399416L, -910064966L, 1511266064L, 1816406252L, 1610012756L, 
-1215025390L, -107748960L, 1455755212L, 250558304L, 1930114242L, 
1376624168L, 1791265196L, 220066620L, -1426336910L, 1059854128L, 
1559857188L, 1995677240L, -981191974L, -291264624L, -553652996L, 
-1819601516L, 1758958402L, 967895552L, 1646905404L, 1321757264L, 
278577314L, 755471176L, -1424899572L, 1778143964L, 985106514L, 
-1604711296L, -769331372L, 1710104552L, -1439442182L, -686014640L, 
1671042092L, -1514401420L, 449435282L, 680745568L, -805644148L, 
364931424L, 1344669922L, 670368936L, 1991990988L, 1728252412L, 
1477309362L, -1724965904L, 376572356L, 829410648L, -1861043846L, 
253958576L, 1386709436L, -140677548L, 1740372418L, 79637280L, 
842693564L, 128471120L, 339518434L, -1199323288L, 1849098060L, 
977825532L, -1021571342L, 1514532096L, -1943149452L, 1630875144L, 
-243622470L, 1472898512L, 961957868L, 988064660L, 1128042706L, 
1928035424L, -942647988L, 1266633504L, 224361090L, -1423777304L, 
-1311185940L, -2059323844L, 1347247730L, -1310002320L, -951898844L, 
1115994680L, 941167002L, -318814768L, 2063558076L, 911361684L, 
1752105602L, 757814720L, -473673924L, -688745840L, -180943070L, 
534173192L, -1818623220L, -2137252964L, -1964071918L, -306416768L, 
1392814868L, 1350260008L, -899354566L, 1947849680L, 944118380L, 
105946164L, -254601070L, -1119346336L, -1129837236L, 642534880L, 
1971581858L, 1865173928L, -987034484L, -1800281156L, 410573938L, 
2060974064L, -1806281660L, -408700840L, 886587450L, -1673596816L, 
1296700988L, 1296783124L, 1608657602L, 1939682016L, -2009863044L, 
336256208L, 1647766434L, 193793576L, -803571444L, 129431484L, 
-1495725774L, -583753536L, -393141708L, 1450756808L, 995580602L, 
-118610800L, 2072909548L, -2117419436L, 1873364626L, 826095392L, 
1545824204L, -2145697568L, -732905790L, -1120844760L, 1135365036L, 
686947004L, 1461717490L, 913266224L, 1441146788L, -902688328L, 
44200794L, -537627504L, -1906115716L, 1432196884L, 514231618L, 
-1332109568L, -1215786052L, -57217200L, 1771764002L, 298254920L, 
-1633701876L, -2073127844L, -1205993006L, 286088704L, 284716004L, 
-1943565547L, -677489857L, 1280800472L, -1954712842L, -359412477L, 
-993630651L, 1355701858L, -2056604208L, -475610375L, -582455253L, 
-1637564516L, -493703222L, -1854109505L, -1982825975L, 1607291678L, 
1845418700L, -939896163L, 1135623975L, 1897714000L, -245014546L, 
-1537884005L, -1731613955L, -485043734L, -1927251320L, -404435919L, 
-1249116509L, -1719339356L, 464312146L, -1547305305L, -1835482383L, 
52054582L, -518551852L, -299521435L, -308107153L, 1480886952L, 
-648947706L, -881699533L, 757160341L, 1941366258L, 1135786560L, 
-948513879L, -1495036389L, 1716357100L, -1538019334L, 249451567L, 
35038265L, 529520206L, -28940644L, -1742644211L, -525410185L, 
-1359927168L, -1449857314L, -1575008853L, -475130195L, -1781732582L, 
-352562216L, -400748479L, -1560985869L, -968761068L, -1833519966L, 
2008805815L, -1469778559L, 292144006L, 1096126916L, 1066719477L, 
-1995163297L, 1007383480L, -494430570L, 1157980323L, 1032637029L, 
-1554915454L, 1714500848L, 1985760409L, -907352949L, -1264915076L, 
140712874L, -1554801697L, 881152361L, -1365672578L, 1490312556L, 
1834599869L, 537544327L, -1333951888L, 927361294L, 1341535803L, 
-435444451L, 2127523786L, -217646872L, -974300207L, 761421251L, 
-1393264956L, 1001635186L, -1129811897L, 2091398161L, 1318647190L, 
656476404L, -582876539L, -1499960369L, 2065097416L, 1913086822L, 
1323473299L, -612183307L, -530052398L, -1509247712L, -1607680759L, 
1548536379L, 390356876L, 39910938L, -1544894833L, 1603142105L, 
-1870072210L, 1544386044L, -1008726163L, -1688897257L, -627616544L, 
1677138622L, 2002491531L, 36439821L, -741931206L, -1156382856L, 
-1808714463L, 599139795L, -1379629836L, 1668791682L, -1727854569L, 
-282087711L, -1463076826L, 2081619236L, 435611093L, 1822566783L, 
1412732952L, 778872630L, 932913603L, 2015408133L, -147147870L, 
623026064L, -328467655L, 1995689963L, 581447900L, 1023414538L, 
-1578196993L, -280513975L, 383023070L, -1050798196L, -1978267811L, 
